#0_Luo2014-1,1_Luo2014-2,2_Jin2013-1,3_Jin2013-2,4_Jin2014-1,5_Jin2014-2,6_Meng2014a-1,7_Li2013-1,8_Li2013-2,9_Margazzi2012-1,10_Saponaro2014-1,11_Saponaro2014-2,12_Fong2014-1,13_Fong2014-2,14_Danko2015-1,15_Danko2015-2,16_Andersson2014-1,17_Andersson2014-2,18_Core2014-1,19_Core2014-2,20_Allen2014-1,21_Allen2014-2,22_Sigova2013-1,23_Sigova2013-2,24_Gardini2014-1,25_Gardini2014-2,26_Wang2013-1,27_Wang2013-2,28_Yang2014-1,29_Yang2014-2,30_Hah2013-1,31_Hah2013-2,32_Duttke2015-1,33_Duttke2015-2,34_Puc2015-1,35_Puc2015-2,36_Le2013-1,37_Core2008-1,38_Core2008-2
13926.0,8448.0,4783.0,4237.0,461.0,457.0,1088.0,1066.0,1124.0,2202.0,1175.0,1122.0,109.0,137.0,1854.0,1930.0,2393.0,2960.0,2586.0,1685.0,3292.0,3413.0,2009.0,2003.0,1289.0,2509.0,1733.0,1493.0,490.0,620.0,1728.0,1831.0,617.0,565.0,570.0,543.0,995.0,2403.0,2344.0
8448.0,19270.0,4747.0,4190.0,433.0,421.0,1268.0,1018.0,1077.0,2027.0,1287.0,1281.0,114.0,148.0,1946.0,1991.0,2545.0,3325.0,2414.0,1588.0,3252.0,3422.0,2020.0,1931.0,1299.0,2475.0,1767.0,1664.0,466.0,588.0,2134.0,2464.0,708.0,679.0,542.0,477.0,1342.0,2644.0,2622.0
4783.0,4747.0,14079.0,6481.0,907.0,825.0,821.0,1562.0,1571.0,1751.0,1162.0,1148.0,300.0,336.0,1417.0,1425.0,1667.0,2097.0,1939.0,1310.0,2688.0,2773.0,1572.0,1470.0,1589.0,2491.0,1242.0,1062.0,888.0,949.0,1167.0,1234.0,668.0,674.0,736.0,663.0,761.0,2397.0,2417.0
4237.0,4190.0,6481.0,15791.0,979.0,863.0,832.0,2234.0,2026.0,1645.0,1155.0,1104.0,531.0,572.0,1543.0,1414.0,1609.0,2002.0,1907.0,1290.0,2501.0,2621.0,1558.0,1437.0,1592.0,2431.0,1332.0,1139.0,963.0,1044.0,1097.0,1150.0,645.0,599.0,755.0,703.0,761.0,2213.0,2275.0
461.0,433.0,907.0,979.0,5129.0,1556.0,331.0,2089.0,1971.0,494.0,536.0,506.0,366.0,440.0,400.0,415.0,441.0,464.0,441.0,398.0,591.0,630.0,507.0,444.0,1011.0,1163.0,384.0,343.0,1398.0,1409.0,436.0,440.0,298.0,314.0,979.0,991.0,315.0,440.0,463.0
457.0,421.0,825.0,863.0,1556.0,3897.0,319.0,1463.0,1465.0,476.0,534.0,513.0,275.0,312.0,430.0,406.0,413.0,455.0,458.0,395.0,576.0,604.0,502.0,441.0,819.0,995.0,377.0,352.0,1211.0,1245.0,479.0,479.0,290.0,300.0,1033.0,987.0,331.0,446.0,450.0
1088.0,1268.0,821.0,832.0,331.0,319.0,8504.0,677.0,727.0,783.0,846.0,797.0,87.0,101.0,1620.0,1724.0,904.0,1002.0,1113.0,882.0,1093.0,1177.0,1087.0,1027.0,528.0,753.0,1865.0,1659.0,334.0,410.0,973.0,1085.0,415.0,367.0,380.0,349.0,771.0,882.0,862.0
1066.0,1018.0,1562.0,2234.0,2089.0,1463.0,677.0,22255.0,6081.0,1091.0,1084.0,1008.0,1156.0,1261.0,1050.0,1110.0,1075.0,1063.0,1143.0,1011.0,1309.0,1448.0,1307.0,1262.0,1730.0,2179.0,927.0,805.0,1843.0,1820.0,1393.0,1365.0,501.0,478.0,1092.0,1059.0,681.0,1090.0,1088.0
1124.0,1077.0,1571.0,2026.0,1971.0,1465.0,727.0,6081.0,15794.0,1121.0,1139.0,1084.0,889.0,989.0,1037.0,1045.0,1085.0,1101.0,1143.0,983.0,1351.0,1453.0,1288.0,1241.0,1576.0,2109.0,884.0,806.0,1778.0,1813.0,1635.0,1703.0,557.0,549.0,1155.0,1082.0,747.0,1097.0,1079.0
2202.0,2027.0,1751.0,1645.0,494.0,476.0,783.0,1091.0,1121.0,8055.0,927.0,882.0,88.0,115.0,1246.0,1338.0,1653.0,1928.0,1671.0,1285.0,2388.0,2530.0,1538.0,1413.0,1129.0,1941.0,1164.0,1004.0,490.0,637.0,1115.0,1181.0,564.0,543.0,610.0,561.0,731.0,1252.0,1241.0
1175.0,1287.0,1162.0,1155.0,536.0,534.0,846.0,1084.0,1139.0,927.0,20084.0,6330.0,171.0,202.0,993.0,1209.0,1141.0,1079.0,1266.0,992.0,1440.0,1485.0,1404.0,1371.0,964.0,1205.0,995.0,909.0,573.0,674.0,1391.0,1477.0,751.0,731.0,575.0,520.0,1084.0,1295.0,1293.0
1122.0,1281.0,1148.0,1104.0,506.0,513.0,797.0,1008.0,1084.0,882.0,6330.0,19335.0,178.0,213.0,949.0,1078.0,1057.0,1001.0,1025.0,885.0,1405.0,1483.0,1353.0,1338.0,897.0,1133.0,923.0,850.0,497.0,621.0,1424.0,1478.0,732.0,678.0,522.0,462.0,1172.0,1242.0,1196.0
109.0,114.0,300.0,531.0,366.0,275.0,87.0,1156.0,889.0,88.0,171.0,178.0,7373.0,1618.0,89.0,112.0,116.0,102.0,82.0,76.0,112.0,137.0,109.0,99.0,379.0,504.0,81.0,79.0,439.0,411.0,108.0,109.0,86.0,94.0,156.0,167.0,101.0,160.0,188.0
137.0,148.0,336.0,572.0,440.0,312.0,101.0,1261.0,989.0,115.0,202.0,213.0,1618.0,7168.0,104.0,125.0,134.0,119.0,98.0,102.0,137.0,156.0,123.0,108.0,379.0,451.0,93.0,86.0,483.0,467.0,108.0,121.0,82.0,100.0,167.0,189.0,125.0,183.0,194.0
1854.0,1946.0,1417.0,1543.0,400.0,430.0,1620.0,1050.0,1037.0,1246.0,993.0,949.0,89.0,104.0,19087.0,4641.0,1329.0,1464.0,2260.0,1448.0,1788.0,1874.0,1672.0,1627.0,821.0,1351.0,2533.0,2163.0,427.0,571.0,1294.0,1330.0,417.0,404.0,541.0,518.0,742.0,1220.0,1229.0
1930.0,1991.0,1425.0,1414.0,415.0,406.0,1724.0,1110.0,1045.0,1338.0,1209.0,1078.0,112.0,125.0,4641.0,25444.0,1422.0,1585.0,2930.0,1764.0,2233.0,2414.0,2171.0,2070.0,815.0,1331.0,2293.0,1853.0,442.0,589.0,1492.0,1490.0,430.0,413.0,536.0,505.0,877.0,1231.0,1239.0
2393.0,2545.0,1667.0,1609.0,441.0,413.0,904.0,1075.0,1085.0,1653.0,1141.0,1057.0,116.0,134.0,1329.0,1422.0,15159.0,4382.0,1842.0,1409.0,2364.0,2519.0,1642.0,1730.0,1482.0,2456.0,1383.0,1116.0,420.0,540.0,1819.0,1781.0,850.0,803.0,511.0,475.0,973.0,1507.0,1500.0
2960.0,3325.0,2097.0,2002.0,464.0,455.0,1002.0,1063.0,1101.0,1928.0,1079.0,1001.0,102.0,119.0,1464.0,1585.0,4382.0,13000.0,2177.0,1509.0,2870.0,3016.0,1643.0,1515.0,1732.0,3046.0,1377.0,1280.0,502.0,617.0,1732.0,1846.0,944.0,887.0,565.0,532.0,1015.0,1503.0,1490.0
2586.0,2414.0,1939.0,1907.0,441.0,458.0,1113.0,1143.0,1143.0,1671.0,1266.0,1025.0,82.0,98.0,2260.0,2930.0,1842.0,2177.0,23260.0,5891.0,2892.0,3032.0,2305.0,2134.0,1095.0,2057.0,1863.0,1504.0,484.0,636.0,1422.0,1493.0,452.0,435.0,616.0,579.0,688.0,1347.0,1356.0
1685.0,1588.0,1310.0,1290.0,398.0,395.0,882.0,1011.0,983.0,1285.0,992.0,885.0,76.0,102.0,1448.0,1764.0,1409.0,1509.0,5891.0,10154.0,1743.0,1886.0,1661.0,1596.0,885.0,1417.0,1429.0,1124.0,432.0,548.0,1179.0,1164.0,429.0,409.0,532.0,501.0,659.0,1187.0,1170.0
3292.0,3252.0,2688.0,2501.0,591.0,576.0,1093.0,1309.0,1351.0,2388.0,1440.0,1405.0,112.0,137.0,1788.0,2233.0,2364.0,2870.0,2892.0,1743.0,12807.0,9273.0,2282.0,2157.0,1501.0,2880.0,1560.0,1294.0,558.0,732.0,1610.0,1668.0,655.0,644.0,668.0,613.0,892.0,1417.0,1405.0
3413.0,3422.0,2773.0,2621.0,630.0,604.0,1177.0,1448.0,1453.0,2530.0,1485.0,1483.0,137.0,156.0,1874.0,2414.0,2519.0,3016.0,3032.0,1886.0,9273.0,14230.0,2453.0,2348.0,1544.0,2985.0,1708.0,1376.0,601.0,767.0,1695.0,1754.0,679.0,654.0,706.0,642.0,970.0,1472.0,1489.0
2009.0,2020.0,1572.0,1558.0,507.0,502.0,1087.0,1307.0,1288.0,1538.0,1404.0,1353.0,109.0,123.0,1672.0,2171.0,1642.0,1643.0,2305.0,1661.0,2282.0,2453.0,17046.0,7239.0,937.0,1461.0,1639.0,1371.0,542.0,666.0,3055.0,3085.0,500.0,467.0,617.0,571.0,1247.0,1329.0,1356.0
2003.0,1931.0,1470.0,1437.0,444.0,441.0,1027.0,1262.0,1241.0,1413.0,1371.0,1338.0,99.0,108.0,1627.0,2070.0,1730.0,1515.0,2134.0,1596.0,2157.0,2348.0,7239.0,19466.0,861.0,1403.0,1587.0,1310.0,454.0,606.0,3119.0,2993.0,480.0,477.0,553.0,538.0,1245.0,1304.0,1321.0
1289.0,1299.0,1589.0,1592.0,1011.0,819.0,528.0,1730.0,1576.0,1129.0,964.0,897.0,379.0,379.0,821.0,815.0,1482.0,1732.0,1095.0,885.0,1501.0,1544.0,937.0,861.0,8701.0,3659.0,773.0,659.0,887.0,929.0,848.0,862.0,808.0,748.0,705.0,652.0,547.0,974.0,1003.0
2509.0,2475.0,2491.0,2431.0,1163.0,995.0,753.0,2179.0,2109.0,1941.0,1205.0,1133.0,504.0,451.0,1351.0,1331.0,2456.0,3046.0,2057.0,1417.0,2880.0,2985.0,1461.0,1403.0,3659.0,13929.0,1155.0,985.0,1011.0,1099.0,1292.0,1365.0,832.0,770.0,860.0,794.0,726.0,1435.0,1404.0
1733.0,1767.0,1242.0,1332.0,384.0,377.0,1865.0,927.0,884.0,1164.0,995.0,923.0,81.0,93.0,2533.0,2293.0,1383.0,1377.0,1863.0,1429.0,1560.0,1708.0,1639.0,1587.0,773.0,1155.0,10916.0,3748.0,407.0,506.0,1222.0,1236.0,402.0,395.0,508.0,458.0,784.0,1118.0,1169.0
1493.0,1664.0,1062.0,1139.0,343.0,352.0,1659.0,805.0,806.0,1004.0,909.0,850.0,79.0,86.0,2163.0,1853.0,1116.0,1280.0,1504.0,1124.0,1294.0,1376.0,1371.0,1310.0,659.0,985.0,3748.0,9640.0,382.0,478.0,1160.0,1267.0,383.0,342.0,453.0,423.0,794.0,1085.0,1078.0
490.0,466.0,888.0,963.0,1398.0,1211.0,334.0,1843.0,1778.0,490.0,573.0,497.0,439.0,483.0,427.0,442.0,420.0,502.0,484.0,432.0,558.0,601.0,542.0,454.0,887.0,1011.0,407.0,382.0,4444.0,1750.0,558.0,585.0,273.0,286.0,1045.0,962.0,343.0,508.0,504.0
620.0,588.0,949.0,1044.0,1409.0,1245.0,410.0,1820.0,1813.0,637.0,674.0,621.0,411.0,467.0,571.0,589.0,540.0,617.0,636.0,548.0,732.0,767.0,666.0,606.0,929.0,1099.0,506.0,478.0,1750.0,4396.0,669.0,697.0,340.0,332.0,1113.0,1053.0,428.0,623.0,617.0
1728.0,2134.0,1167.0,1097.0,436.0,479.0,973.0,1393.0,1635.0,1115.0,1391.0,1424.0,108.0,108.0,1294.0,1492.0,1819.0,1732.0,1422.0,1179.0,1610.0,1695.0,3055.0,3119.0,848.0,1292.0,1222.0,1160.0,558.0,669.0,24408.0,9726.0,589.0,596.0,599.0,545.0,1540.0,1649.0,1650.0
1831.0,2464.0,1234.0,1150.0,440.0,479.0,1085.0,1365.0,1703.0,1181.0,1477.0,1478.0,109.0,121.0,1330.0,1490.0,1781.0,1846.0,1493.0,1164.0,1668.0,1754.0,3085.0,2993.0,862.0,1365.0,1236.0,1267.0,585.0,697.0,9726.0,27795.0,644.0,607.0,621.0,578.0,1816.0,1791.0,1789.0
617.0,708.0,668.0,645.0,298.0,290.0,415.0,501.0,557.0,564.0,751.0,732.0,86.0,82.0,417.0,430.0,850.0,944.0,452.0,429.0,655.0,679.0,500.0,480.0,808.0,832.0,402.0,383.0,273.0,340.0,589.0,644.0,5210.0,1561.0,300.0,291.0,476.0,847.0,882.0
565.0,679.0,674.0,599.0,314.0,300.0,367.0,478.0,549.0,543.0,731.0,678.0,94.0,100.0,404.0,413.0,803.0,887.0,435.0,409.0,644.0,654.0,467.0,477.0,748.0,770.0,395.0,342.0,286.0,332.0,596.0,607.0,1561.0,4968.0,299.0,283.0,434.0,810.0,814.0
570.0,542.0,736.0,755.0,979.0,1033.0,380.0,1092.0,1155.0,610.0,575.0,522.0,156.0,167.0,541.0,536.0,511.0,565.0,616.0,532.0,668.0,706.0,617.0,553.0,705.0,860.0,508.0,453.0,1045.0,1113.0,599.0,621.0,300.0,299.0,2991.0,1259.0,345.0,520.0,524.0
543.0,477.0,663.0,703.0,991.0,987.0,349.0,1059.0,1082.0,561.0,520.0,462.0,167.0,189.0,518.0,505.0,475.0,532.0,579.0,501.0,613.0,642.0,571.0,538.0,652.0,794.0,458.0,423.0,962.0,1053.0,545.0,578.0,291.0,283.0,1259.0,2848.0,328.0,501.0,531.0
995.0,1342.0,761.0,761.0,315.0,331.0,771.0,681.0,747.0,731.0,1084.0,1172.0,101.0,125.0,742.0,877.0,973.0,1015.0,688.0,659.0,892.0,970.0,1247.0,1245.0,547.0,726.0,784.0,794.0,343.0,428.0,1540.0,1816.0,476.0,434.0,345.0,328.0,14709.0,1193.0,1167.0
2403.0,2644.0,2397.0,2213.0,440.0,446.0,882.0,1090.0,1097.0,1252.0,1295.0,1242.0,160.0,183.0,1220.0,1231.0,1507.0,1503.0,1347.0,1187.0,1417.0,1472.0,1329.0,1304.0,974.0,1435.0,1118.0,1085.0,508.0,623.0,1649.0,1791.0,847.0,810.0,520.0,501.0,1193.0,17388.0,3936.0
2344.0,2622.0,2417.0,2275.0,463.0,450.0,862.0,1088.0,1079.0,1241.0,1293.0,1196.0,188.0,194.0,1229.0,1239.0,1500.0,1490.0,1356.0,1170.0,1405.0,1489.0,1356.0,1321.0,1003.0,1404.0,1169.0,1078.0,504.0,617.0,1650.0,1789.0,882.0,814.0,524.0,531.0,1167.0,3936.0,17477.0
